message1=01005FE00000000000010037960814240803215600  0100080064 1102284234843074234843110910516391106C2A38B369C2AB967B79535594A910B
message2=01007817FFFFBFFFF001004014960263240803215600  10202404060106414688010192024-08-03 21:56:00192024-08-03 21:56:00015141605befa8d5501811912000000000000063.9600060.00003060.0000060.0000063.9600060.0000060.0000060.0000091496.04001314475592.320012004000290014061188000100100611880001005150000515010053000005300100611880001001001001001009433725847076FFBF11FA82BB4575A9D6A568B2B5F2
