message1=01005FF00000000000010037140000956585240804185236  0100080064 11022842348430742348431109105163911844B7C54653B018D92D9270B0B19C1F7
message2=01007C0BFFFFDFFFF801004014160000956284240804185236  10202404060106414688010192024-08-04 18:52:36192024-08-04 18:52:36015141605befa8d5501811912000000000000063.9600060.00003060.0000060.0000063.9600060.0000060.0000060.0000091496.04001314475592.3200120040002900140611880001001006118800010051500005150100530000053001006118800010010010010010094337258470849988B5B6FF263E9E8D4F50A5B45883
